Sliding Distance Output for file4
(4 x 4 Board)
 
Sequence of boards: 
 2  7  0  8 
10  4 14  5 
 1 13 11 15 
12  6  9  3 

 2  7 14  8 
10  4  0  5 
 1 13 11 15 
12  6  9  3 

 2  7 14  8 
10  0  4  5 
 1 13 11 15 
12  6  9  3 

 2  7 14  8 
10 13  4  5 
 1  0 11 15 
12  6  9  3 

 2  7 14  8 
10 13  4  5 
 1 11  0 15 
12  6  9  3 

 2  7 14  8 
10 13  4  5 
 1 11  9 15 
12  6  0  3 

 2  7 14  8 
10 13  4  5 
 1 11  9 15 
12  6  3  0 

 2  7 14  8 
10 13  4  5 
 1 11  9  0 
12  6  3 15 

 2  7 14  8 
10 13  4  5 
 1 11  0  9 
12  6  3 15 

 2  7 14  8 
10 13  0  5 
 1 11  4  9 
12  6  3 15 

 2  7 14  8 
10 13  5  0 
 1 11  4  9 
12  6  3 15 

 2  7 14  8 
10 13  5  9 
 1 11  4  0 
12  6  3 15 

 2  7 14  8 
10 13  5  9 
 1 11  0  4 
12  6  3 15 

 2  7 14  8 
10 13  5  9 
 1  0 11  4 
12  6  3 15 

 2  7 14  8 
10 13  5  9 
 0  1 11  4 
12  6  3 15 

 2  7 14  8 
 0 13  5  9 
10  1 11  4 
12  6  3 15 

 0  7 14  8 
 2 13  5  9 
10  1 11  4 
12  6  3 15 

 7  0 14  8 
 2 13  5  9 
10  1 11  4 
12  6  3 15 

 7 13 14  8 
 2  0  5  9 
10  1 11  4 
12  6  3 15 

 7 13 14  8 
 2  1  5  9 
10  0 11  4 
12  6  3 15 

 7 13 14  8 
 2  1  5  9 
10 11  0  4 
12  6  3 15 

 7 13 14  8 
 2  1  5  9 
10 11  4  0 
12  6  3 15 

Number of Swaps: 21
Run Time: 0 Milliseconds
